54
1 911 100000 (-1,) (34,) 1 0 1
2 3344 20000 (-1,) (18,) 1 0 1
3 2139 100000 (-1,) (5,10,12,14,9,) 1 0 1
4 748 20000 (9,14,) (-1,) 0 1 1
5 2137 100000 (3,) (6,8,) 0 0 1
6 2933 100000 (5,12,) (15,20,16,9,) 0 0 1
7 7441 50000 (19,24,11,) (8,) 0 0 1
8 2091 100000 (7,5,12,) (9,) 0 0 1
9 1341 100000 (8,6,3,) (4,14,) 0 0 1
10 424 100000 (3,) (45,50,46,) 0 0 1
11 3486 100000 (49,54,) (35,40,7,44,41,37,36,) 0 0 1
12 3158 50000 (39,44,3,) (25,30,6,34,8,) 0 0 1
13 390 20000 (29,34,) (14,) 0 0 1
14 2185 20000 (13,9,3,) (4,) 0 0 1
15 1049 50000 (6,20,) (16,22,) 0 0 2
16 801 100000 (15,6,) (17,) 0 0 2
17 5606 100000 (16,) (18,22,19,) 0 0 2
18 177 20000 (17,21,2,) (19,24,22,) 0 0 2
19 970 50000 (18,24,22,23,17,) (7,) 0 0 2
20 6791 100000 (6,) (21,22,15,) 0 0 2
21 2836 100000 (20,) (22,18,24,) 0 0 2
22 1914 100000 (21,17,20,18,15,) (23,24,19,) 0 0 2
23 967 20000 (22,) (24,19,) 0 0 2
24 914 20000 (23,18,22,21,) (7,19,) 0 0 2
25 1864 20000 (12,31,) (26,) 0 0 2
26 5819 100000 (25,) (27,) 0 0 2
27 412 20000 (26,) (28,33,) 0 0 2
28 5049 100000 (27,33,32,30,) (29,34,) 0 0 2
29 572 100000 (28,33,) (13,34,) 0 0 2
30 1335 100000 (12,) (31,28,) 0 0 2
31 86 100000 (30,) (32,25,33,) 0 0 2
32 3486 100000 (31,) (33,28,) 0 0 2
33 2372 100000 (32,27,31,) (34,29,28,) 0 0 3
34 1403 100000 (33,29,12,28,1,) (13,) 0 0 3
35 7381 100000 (11,40,) (36,) 0 0 3
36 1465 100000 (35,11,) (37,) 0 0 3
37 1904 100000 (36,11,) (38,) 0 0 3
38 324 20000 (37,) (39,43,41,42,) 0 0 3
39 1316 100000 (38,) (12,44,) 0 0 3
40 4872 100000 (11,) (41,35,) 0 0 3
41 218 20000 (40,38,11,) (42,44,) 0 0 3
42 166 20000 (41,38,) (43,) 0 0 3
43 40 20000 (42,38,) (44,) 0 0 3
44 1105 20000 (43,41,11,39,) (12,) 0 0 3
45 1479 20000 (10,) (46,51,) 0 0 3
46 2379 100000 (45,50,10,) (47,49,) 0 0 3
47 987 100000 (46,50,) (48,) 0 0 3
48 1468 50000 (47,) (49,52,51,54,) 0 0 3
49 472 20000 (48,53,50,52,46,) (11,) 0 0 3
50 1428 100000 (10,) (51,46,49,47,53,) 0 0 3
51 287 100000 (50,45,48,) (52,54,) 0 0 3
52 40 20000 (51,48,) (53,49,54,) 0 0 3
53 337 20000 (52,50,) (54,49,) 0 0 3
54 2074 20000 (53,48,51,52,) (11,) 0 0 3
